7552
0
6513
0
6409
0
6085
0
6366
0
6099
0
6137
0
6126
0
6123
0
6460
0
6096
0
6109
0
6453
0
6848
0
6578
0
7697
0
9459
0
11004
0
9852
0
12372
0
10247
0
11485
0
8166
0
8024
0
7811
0
6847
0
6246
0
6965
0
6433
0
7282
0
6718
0
6727
0
6675
0
6264
0
6381
0
6662
0
6383
0
6769
0
6643
0
6599
0
6342
0
6437
0
7807
0
7193
0
6960
0
6950
0
10623
0
7850
0
8695
0
7198
0
6691
0
6820
0
6925
0
5981
0
6161
0
6153
0
6409
0
6309
0
6004
0
6120
0
6189
0
6017
0
6300
0
6193
0
6263
0
6310
0
6279
0
6298
0
6272
0
6179
0
6281
0
6180
0
6126
0
6274
0
6116
0
6094
0
6118
0
6034
0
6159
0
6042
0
6102
0
6142
0
6044
0
6143
0
6042
0
6130
0
6124
0
6039
0
6097
0
6007
0
6079
0
5971
0
6026
0
6083
0
5951
0
5988
0
6035
0
6043
0
6152
0
6004
0
6044
0
6066
0
6113
0
6055
0
6047
0
6081
0
6013
0
6058
0
6131
0
6027
0
6032
0
6057
0
6106
0
6030
0
6027
0
6027
0
6027
0
6145
0
5990
0
6074
0
6106
0
6011
0
6078
0
6024
0
6179
0
6057
0
6016
0
6052
0
6042
0
6049
0
6025
0
6324
0
6459
0
7228
0
6846
0
9302
0
10488
0
8924
0
6115
0
6261
0
6212
0
6116
0
6253
0
6079
0
6134
0
6315
0
6009
0
6112
0
6051
0
6163
0
6190
0
6059
0
6100
0
6107
0
6005
0
6100
0
6077
0
6214
0
6075
0
6167
0
6097
0
6000
0
6000
0
6046
0
6210
0
6143
0
5954
0
6092
0
6035
0
6069
0
6098
0
6199
0
6087
0
6009
0
6029
0
6126
0
6095
0
6283
0
6066
0
6125
0
6112
0
6000
0
6090
0
6042
0
6090
0
6489
0
6226
0
6430
0
6488
0
6194
0
6394
0
6790
0
6375
0
6673
0
6739
0
6848
0
6389
0
6942
0
6612
0
6560
0
6177
0
6510
0
6565
0
6212
0
6733
0
6577
0
6209
0
6522
0
6531
0
6334
0
6732
0
6584
0
6552
0
6601
0
6022
0
6044
0
6001
0
6148
0
5998
0
6059
0
6044
0
6055
0
6001
0
5968
0
6095
0
6026
0
6046
0
6021
0
6073
0
6122
0
6071
0
6084
0
6064
0
5981
0
5989
0
5971
0
6053
0
5968
0
5996
0
6012
0
6118
0
6175
0
6095
0
6116
0
6055
0
6022
0
5976
0
6118
0
6927
0
6723
0
7346
0
6925
0
6502
0
6491
0
6415
0
6358
0
6508
0
7385
0
6298
0
6547
0
6515
0
6495
0
6305
0
6395
0
6765
0
6239
0
6513
0
6485
0
6256
0
6570
0
6706
0
6431
0
6363
0
6560
0
6502
0
6223
0
6543
0
6810
0
6269
0
6444
0
6565
0
6241
0
6500
0
6700
0
6413
0
6308
0
6559
0
6515
0
6165
0
6054
0
5993
0
6558
0
6532
0
6242
0
6565
0
6587
0
6248
0
6710
0
7026
0
6608
0
6166
0
6877
0
6640
0
6487
0
6589
0
6697
0
6647
0
6432
0
6953
0
6607
0
6551
0
6325
0
6484
0
6445
0
6722
0
6264
0
6510
0
7161
0
6371
0
6434
0
6603
0
6678
0
6281
0
6493
0
6064
0
5957
0
5933
0
6536
0
9864
0
7807
0
7693
0
6551
0
6267
0
6773
0
6601
0
6529
0
6229
0
6031
0
5963
0
5957
0
5966
0
5970
0
5944
0
5939
0
5946
0
5957
0
6009
0
5968
0
6002
0
6061
0
5993
0
6233
0
5913
0
5930
0
5917
0
6014
0
6330
0
6140
0
6318
0
6221
0
6201
0
6523
0
6380
0
6549
0
6362
0
6384
0
6125
0
6314
0
6194
0
6303
0
6040
0
6029
0
5981
0
5932
0
6015
0
6148
0
6278
0
6512
0
6222
0
5993
0
6257
0
6195
0
6156
0
5966
0
6047
0
5959
0
5985
0
5946
0
5958
0
6313
0
6245
0
6194
0
6158
0
5946
0
6254
0
6323
0
6150
0
6274
0
6667
0
9467
0
7784
0
6127
0
6017
0
6062
0
6046
0
6028
0
6082
0
6015
0
6194
0
6033
0
6007
0
6118
0
6052
0
6108
0
5987
0
6100
0
6244
0
6155
0
6271
0
6104
0
6167
0
6185
0
6042
0
6121
0
6013
0
6078
0
6150
0
6155
0
6157
0
6031
0
6090
0
6096
0
6022
0
6070
0
6050
0
6137
0
6193
0
6013
0
6064
0
6037
0
6084
0
6028
0
6134
0
6093
0
6046
0
6089
0
5998
0
6084
0
6142
0
6048
0
6108
0
6022
0
6142
0
6114
0
6077
0
6133
0
6038
0
6077
0
6200
0
6076
0
6134
0
5967
0
5955
0
5999
0
5976
0
5981
0
5972
0
5966
0
5938
0
5926
0
5925
0
5947
0
5959
0
5971
0
5960
0
6005
0
5969
0
5984
0
6014
0
6128
0
6038
0
6168
0
6012
0
6222
0
6089
0
6057
0
6077
0
6064
0
6081
0
6059
0
6309
0
6382
0
6305
0
6478
0
7048
0
9056
0
7654
0
7344
0
6179
0
6142
0
6379
0
6381
0
6212
0
6364
0
6347
0
6161
0
6332
0
6402
0
6166
0
6489
0
6627
0
6310
0
6810
0
6618
0
6562
0
6671
0
6548
0
6568
0
6466
0
6656
0
6656
0
7436
0
6939
0
6335
0
6613
0
6552
0
6444
0
6732
0
6631
0
6629
0
6340
0
6601
0
6684
0
6369
0
6847
0
6572
0
6600
0
6349
0
6694
0
6485
0
6971
0
6279
0
6541
0
6646
0
6325
0
6544
0
6905
0
6545
0
6232
0
6541
0
6541
0
6257
0
6507
0
6920
0
6632
0
6230
0
6735
0
6360
0
6272
0
6465
0
6174
0
6199
0
6378
0
6305
0
6209
0
6348
0
6198
0
6406
0
6318
0
6274
0
6675
0
6736
0
6686
0
6504
0
6561
0
6597
0
6364
0
6488
0
6484
0
6928
0
7173
0
9791
0
10973
0
6060
0
6002
0
6212
0
6052
0
6120
0
6087
0
6071
0
6173
0
6014
0
6184
0
6075
0
6029
0
6132
0
6024
0
6098
0
6138
0
6036
0
6094
0
6087
0
6100
0
6022
0
5972
0
6153
0
6064
0
6094
0
6016
0
6157
0
7325
0
7686
0
7283
0
6753
0
6810
0
6376
0
6243
0
6138
0
6241
0
6094
0
6218
0
6242
0
6280
0
6614
0
6937
0
6756
0
6398
0
6772
0
6567
0
6673
0
6237
0
6825
0
6515
0
6321
0
6668
0
7389
0
7346
0
8098
0
9071
0
6201
0
6614
0
6569
0
6332
0
6931
0
6748
0
6490
0
6479
0
6654
0
6630
0
6612
0
6726
0
6729
0
6646
0
6302
0
6706
0
6937
0
6547
0
6345
0
6602
0
6621
0
6278
0
6477
0
6941
0
6570
0
6305
0
6509
0
6602
0
6315
0
6805
0
6570
0
6450
0
6442
0
6547
0
6284
0
6166
0
6202
0
6126
0
6281
0
6238
0
6125
0
6190
0
6152
0
6202
0
6159
0
6195
0
6191
0
6109
0
6218
0
6314
0
6137
0
6120
0
6105
0
6076
0
6100
0
6047
0
6074
0
6052
0
6103
0
6077
0
6037
0
6235
0
6169
0
6050
0
6140
0
6147
0
6092
0
6126
0
6068
0
6156
0
6077
0
6190
0
6156
0
6099
0
6199
0
6090
0
6164
0
6231
0
6071
0
6193
0
6116
0
6118
0
6102
0
6107
0
6140
0
6102
0
6197
0
6100
0
6015
0
6021
0
6051
0
6016
0
6045
0
6067
0
6034
0
6122
0
6123
0
6268
0
6417
0
6712
0
6214
0
6029
0
6026
0
6028
0
6061
0
6068
0
6155
0
6353
0
6407
0
6570
0
6343
0
6453
0
7016
0
6234
0
7240
0
6735
0
6421
0
6467
0
6460
0
6279
0
6698
0
6416
0
6574
0
6490
0
6245
0
6662
0
6564
0
6420
0
6423
0
6470
0
6781
0
7123
0
6472
0
6739
0
6319
0
6408
0
6273
0
6423
0
6539
0
6311
0
6372
0
6261
0
6113
0
6081
0
6096
0
6171
0
6176
0
6134
0
6216
0
6259
0
6416
0
6305
0
6506
0
6283
0
6634
0
6357
0
6469
0
6664
0
7040
0
6654
0
6309
0
6579
0
6614
0
6346
0
6704
0
6673
0
6681
0
6286
0
6643
0
6542
0
6852
0
6365
0
6644
0
6681
0
6569
0
6270
0
6854
0
6885
0
6798
0
7058
0
6957
0
6873
0
6724
0
6659
0
6566
0
6735
0
6582
0
6658
0
6877
0
6271
0
6329
0
6378
0
6385
0
6325
0
6464
0
6453
0
6349
0
6356
0
6425
0
6309
0
6454
0
6370
0
6339
0
6424
0
6489
0
6636
0
6292
0
6412
0
6391
0
6344
0
6510
0
6444
0
6407
0
6399
0
6313
0
6447
0
6458
0
6411
0
6326
0
6452
0
6665
0
6382
0
6560
0
6308
0
6324
0
6361
0
8395
0
8365
0
6278
0
6278
0
6263
0
6259
0
6296
0
6242
0
6246
0
6231
0
6218
0
6260
0
6310
0
6228
0
6225
0
6394
0
6298
0
6274
0
6334
0
6410
0
6330
0
6333
0
6337
0
6264
0
6254
0
6287
0
6314
0
6283
0
6323
0
6316
0
6269
0
6277
0
6354
0
6358
0
6360
0
6285
0
6356
0
6416
0
6370
0
6372
0
6363
0
6264
0
6293
0
6475
0
6697
0
6304
0
6586
0
6607
0
6487
0
6596
0
6716
0
6757
0
6475
0
6594
0
6530
0
6463
0
6512
0
6757
0
6538
0
6418
0
6596
0
6689
0
6449
0
6571
0
6588
0
6614
0
6386
0
6585
0
6590
0
6421
0
6614
0
6578
0
6596
0
6374
0
6589
0
6655
0
6480
0
6454
0
6609
0
6656
0
6402
0
6567
0
6584
0
6395
0
6536
0
6538
0
6524
0
6394
0
6584
0
6611
0
6434
0
6609
0
6655
0
6638
0
6396
0
6565
0
6553
0
6400
0
6623
0
6543
0
6517
0
6535
0
6711
0
6611
0
6394
0
6544
0
6639
0
6591
0
6549
0
6610
0
6567
0
6375
0
6550
0
6544
0
6381
0
6553
0
6525
0
6623
0
6373
0
6499
0
6635
0
6315
0
6218
0
6218
0
6230
0
6211
0
6215
0
6222
0
6336
0
6243
0
6245
0
6298
0
6221
0
6223
0
6218
0
